20150422
20150423
20150424
20150425
20150426
20150427
20150428
20150429
20150430
20150501
20150502
20150503
20150504
20150505
20150506
20150507
20150508
20150509
20150510
20150511
20150512
20150513
20150514
20150515
20150516
20150517
20150518
20150519
20150520
20150521
20150522
20150523
20150524
20150525
20150526
20150527
20150528
20150529
20150530
20150531
20150601
20150602
20150603
20150604
20150605
20150606
20150607
20150608
20150609
20150610
20150611
20150612
20150613
20150614
20150615
20150616
20150617
20150618
20150619
20150620
20150621
20150622
20150623
20150624
20150625
20150626
20150627
20150628
20150629
20150630
